0.2585092994045510
0.2823611195028946
0.4568461655760672
0.3408562751963871
0.6294370908935463
0.2929365529625798
0.7799236203674980
0.8559286699002833
0.5568235868239118
0.5506809465625935
0.6599681891157303
0.5563643432741188
0.6331905684206660
0.6983846189393716
0.8985297981947298
0.6995408929228510
0.7331026366818492
0.0469564139436152
0.8535470440888844
0.8354619240412884
0.9770504646687890
0.3216975592869002
0.4143431688845851
0.1060738164038781
0.3620046062263782
0.6098342855060110
0.4568021826785653
0.3504842458745685
0.8439521093788898
0.9659528438166944
0.4640261885902044
0.7814287421446267
0.6631314154831855
0.0782095039484858
0.8364104947408748
0.8635763992180436
0.6672909086792451
0.4529183203680205
0.2043477994953093
0.7931837342482311
0.1700389041675159
0.1728020069383547
0.5608808453036715
0.8246792982022413
0.2760697674164270
0.7101664714292610
0.2255869628044636
0.9049550015388093
0.9870058574957721
0.3079304920093096
0.7881196771513288
0.8105326098507106
0.0063704376780152
0.6087102493893894
0.6412905461722787
0.4272654597793277
0.0349773254118020
0.3055272812304111
0.5716204094306789
0.9280127771910855
0.4709777765845073
0.2944369551277930
0.2690373076616766
0.2905218804787353
0.6076385462091594
0.8175070165517226
0.1495793309674767
0.9928384969113893
0.7187269744208856
0.0273722972060284
0.8223827919692326
0.5549308662075063
0.8911738386495784
0.5215765435705055
0.0899239529451989
0.8790933113508856
0.8864230673018962
0.0560939747066076
0.0726874955840344
0.1585909456006789
0.1427060940195588
0.6968050298648052
0.1249634949798093
0.9733624493393904
0.6998759130472085
0.6852226727813786
0.8011423789799537
0.1716596174187544
0.2241731409714305
0.5336574934380565
0.8001043861746950
0.3013077107970403
0.9623241414167012
0.8403939730157113
0.3884481603272043
0.5595553528948329
0.0612823335777435
0.2263673698093953
0.5596069323889594
0.0520648152890715
0.5265888705188218
0.1335166744820668
0.3528906454106959
0.1597056414516658
0.4422899077230795
0.5789712086747159
0.6502528595922286
0.0393976981802453
0.4047886206055296
0.4390272556355086
0.3193782104116991
0.1379265904987221
0.1033688269887421
0.9451842161379034
0.6375432774214129
0.0133118102480339
0.9103649209064315
0.3909747869968658
0.9112204459889028
0.2970428570502133
0.3878850757288888
0.7046179808762076
0.0099494132646427
0.0241697927955897
0.2651657096635063
0.7400328941747887
0.1060642184311895
0.3710534057051120
0.1409276046974526
0.9508962322415755
0.0350336752322722
0.1445530568372533
0.4108663477707637
0.9487305276639262
0.2630474684316999
0.5420774756972264
0.2346343667200230
0.9726862783792569
0.7693675940840912
0.2186407975576117
0.0325089556995977
0.6239667618504541
0.1658178296705231
0.6865504845989392
0.6075517368089507
0.8317943922112292
0.4169993447398888
0.4670628551743476
0.1291436849048040
0.6829658004722887
0.1310493179967835
0.2181553371371763
0.2547914265190343
0.7310003734712325
0.3341308327930292
0.6222647756518853
0.4389592493037000
0.3348696403054419
0.4013956305717130
0.2807728150713444
0.0209423941093263
0.5979748206640352
0.4206631830968846
0.5922805652589176
0.3774828564216648
0.4230124776823345
0.0353602303933940
0.2167525583639076
0.8998860097452734
0.5487179517939413
0.0170718496059763
0.0324393858432472
0.8381981996529930
0.6500691366303641
0.0676557701994298
0.3322633110949482
0.1827518700111597
0.9625947785397102
0.8122746458080594
0.7916762254832506
0.3602776959766594
0.0880167177919020
0.0228507638900624
0.8770731563412824
0.1164873508213873
0.9972588511704146
0.2744912657753983
0.2835837207634597
0.0247888075185045
0.7363037419812031
0.6112552478314086
0.2240652820652258
0.5817831795654342
0.1657444364347072
0.7308216484299521
0.3585831997013393
0.5594568598102114
0.0788859099744315
0.9752647883444183
0.5046267065715324
0.3936317953898651
0.2339336096459732
0.2717923342069639
0.2716981463549644
0.3063584969263786
0.2999304186039353
0.4204769214592972
0.6365684644145801
0.1663302881463196
0.3779779803874703
0.2919338002518117
0.1228213883183003
0.7024106462142754
0.3237079865110601
0.7913445783834163
0.4021782324543004
0.0859924305852076
0.3496003053379297
0.0964761808890415
0.8459131270148248
0.7338611392264305
0.9435451880316243
0.8111021275238466
0.9361304898741096
0.6000399962866707
0.0758965509917076
0.8384037092527024
0.6255541221064114
0.9117426669003876
0.2397492209829117
0.8161814513078980
0.3118581938967573
0.5206701233313566
0.2638598351993693
0.2337244102729414
0.3612591574305384
0.8159690588095430
0.3378842862500449
0.5051790486348864
0.2842360793146810
0.7950120937953358
0.9397952122334274
0.2093286779018788
0.3849640751580523
0.4605260325907210
0.5385893742969472
0.8801827174761314
0.7625759567131922
0.1053160100287442
0.0789829341079553
0.8523473801582497
0.9761112058901222
0.4178758598575065
0.2570876553278794
0.8338180923810228
0.1740015064902067
0.8691321815394417
0.0260057643614982
0.9437059322377763
0.7940673826704181
0.0586956511612655
0.5389640731324903
0.8106364965365671
0.9935541700117518
0.6466694056182710
0.5920080109670920
0.4235112150681886
0.9175283379536125
0.6071813477392318
0.8927771852064978
0.3418241885796274
0.3458742578656171
0.1679986549580121
0.3799305813236629
0.7766723677065102
0.2736680722792748
0.5839321989541872
0.7970400574953729
0.6850341109419098
0.8286644964252261
0.7939914538901398
0.0682581155471063
0.4458942871086151
0.7673379476945854
0.4827964883564917
0.8160063280465835
0.3333169089051218
0.8661563166712511
0.3689882469311936
0.6990486583844842
0.8034927748365348
0.8787085958832535
0.9301954027614965
0.2360604408721576
0.3667401355415905
0.3101759276220832
0.0615634016638040
0.7687713841487493
0.2961643469427919
0.6840752581008473
0.9687340948826844
0.1765116634976334
0.4368322652548216
0.8205989937875131
0.7720725165988718
0.8676799950600511
0.1932301582670810
0.3873270694956830
0.8485802067045967
0.4190671132888255
0.9724196972966439
0.7967780372800690
0.7179136746164936
0.1405947501304894
0.1873639346152913
0.4702379058125530
0.4516529765319746
0.4841145057121707
0.5433818196685820
0.9943039177138644
0.5712366831021978
0.9951648901556993
0.4846836803932858
0.4258806197769474
0.3596207251387682
0.2705344177897047
0.7355951119738791
0.7075431225273583
0.5956700753450477
0.8068330047682721
0.4638565498501954
0.8179934361239845
0.0900966709892366
0.6872063005636164
0.5120739897170949
0.9286153217160944
0.4060703730482045
0.1228801769723731
0.6545569378953076
0.3796702923535307
0.8452054590548244
0.8175534369915098
0.1439011996544615
0.8628328400413920
0.7534303020188275
0.3118764173539539
0.5148267864784373
0.3924771827426667
0.5276876589172872
0.9250725394511008
0.7883123516262867
0.7860882351615395
0.0686234378200545
0.9121143418037718
0.1989921981729612
0.4489660187186075
0.0808076245106406
0.5683955151518774
0.4937773093139626
0.5670654293384985
0.7280586253224399
0.7373704738694364
0.4664834844291406
0.2532662474412604
0.3313982170819827
0.4434553961953753
0.3158054566726349
0.2628898422492654
0.6020185310104580
0.7467051737686035
0.2084852119429179
0.7887166191891311
0.7348187177105387
0.8131452761277025
0.6845493973749015
0.8994471225743226
0.5975012673202862
0.4998874140584846
0.3372377797970785
0.6967019400055392
0.1397592386227231
0.7834060919292369
0.4104081511510493
0.0603123843648774
0.8217817151051463
0.6280472591570003
0.5139861910622159
0.5558879525571854
0.7188529218004476
0.0098501573631964
0.0267847966729846
0.9920840755695508
0.7947421690310048
0.9737532613780715
0.6597332505666991
0.5919691466711186
0.4300762565872134
0.3792745117071377
0.9495030786321195
0.1816506363152524
0.5670017346922407
0.7392915837123724
0.2062870614313432
0.8486578121651576
0.4099222014082073
0.1787889952006765
0.1548966231535474
0.4997331967713876
0.3680929435761584
0.9419808636492775
0.9770319209488214
0.3235955058734525
0.8260981800750784
0.1041650448329783
0.1778668198406308
0.6720211876241819
0.7465409753370622
0.2304773573506083
0.7602654122828483
0.4087679979248371
0.4607526119640681
0.4894013508352799
0.4572367790861165
0.2553906101586847
0.4961101295716048
0.0957341476804174
0.6180224101311182
0.1230559833821587
0.5115877710366021
0.0236112931782770
0.6030156903646571
0.5812062088243479
0.2649664575781330
0.8152036184085318
0.4317358407648761
0.9941357478927273
0.5881514353520986
0.0770821126231453
0.2884027623383076
0.3397295467741515
0.9605428574941897
0.0256677785428092
0.2518826885130920
0.8791821633058419
0.8763163512255439
0.2028121702034937
0.5474998200335222
0.2393145997430750
0.9976275719600380
0.2375246706302218
0.7483784564438452
0.9846471148529119
0.5471961032723716
0.2948033911923531
0.1446615366927659
0.3358494827668892
0.1092187342239868
0.4402671558147517
0.0373564018101860
0.7250981550250799
0.1448247049862843
0.2231199037365172
0.0045967105640727
0.2414326056102709
0.1164910631594580
0.9940719996440635
0.5945640699235779
0.9926797550404629
0.7347169428947109
0.8269965651734772
0.9954737324414111
0.4536542122935560
0.0420018071668693
0.0042633841835027
0.7692024803957338
0.2401040629271840
0.6682854085590293
0.3039938372437732
0.0747850005830202
0.3137941074896275
0.9018216776568977
0.3338475075042524
0.7070954621203640
0.6589597985005469
0.7092750133233778
0.3511938627949434
0.6416892331314870
0.3651153030156919
0.7542076611997146
0.2087536161588268
0.6600592484676326
0.5425677585283566
0.1442300853842440
0.6345439386311114
0.4848745003701680
0.3865183652713569
0.0575895210700423
0.4414653698129882
0.7655699584184958
0.7134678878560230
0.7617849586796623
0.2090969580362341
0.4957220543212486
0.1739883677919067
0.8766833772938014
0.1609381108240857
0.6735392719489539
0.5208974588258855
0.2202072672751711
0.3186052171974438
0.3802506255945559
0.6924702625006205
0.7489984080058889
0.9018420959981661
0.3315834113276228
0.3875883125474644
0.7811552806463169
0.6981326054496755
0.9346215109255951
0.7613632796648862
0.2644663587201173
0.0041223976604101
0.1320328481442630
0.4704537775936899
0.4057565816271875
0.2001851826356500
0.8512427649041001
0.1057920932978185
0.6279494885349948
0.5295548017903400
0.5718622052822226
0.8857216479624483
0.1352544823146218
0.0597220846309199
0.8053400173557179
0.6490708933313876
0.2213333526640255
0.8085330836352114
0.2533681030723898
0.2911894817688676
0.3781083611178246
0.2574454820560135
0.6947301465046962
0.4231787227434012
0.9960676773339969
0.3940074575457415
0.1385442082261648
0.6565811317283305
0.0709010653568072
0.6469819367847549
0.5436903287106603
0.9375442903384723
0.4491279225784055
0.0447526297919296
0.6605069687840910
0.4747604304649968
0.4944959094022749
0.4216400143120040
0.3603375651491092
0.0714005910409838
0.9449131785932536
0.6662230213608620
0.6130797588956156
0.9260239118918534
0.6855221891980365
0.7574411141082109
0.7809481771178426
0.7246485866618535
0.2068449688999507
0.5785708826636267
0.7194211481659707
0.9308351202499807
0.1673117013141052
0.7896731330559987
0.6136174766864784
0.8383547120753363
0.6313983960049931
0.9818243240007334
0.8342882761091872
0.1176281541071837
0.0226866497244487
0.5978645369625610
0.4391077511040180
0.3010449317889083
0.0495750327465316
0.4267944031228126
0.1452873223435915
0.9041963805166802
0.0708707097261776
0.6898051730399288
0.1346079174479513
0.5389041451300329
0.8217562236987064
0.6311492753429526
0.0212874937371481
0.9635527196633120
0.7128075797110611
0.8543769168465118
0.7382827940661532
0.3428337988587522
0.0509500681388033
0.6909181948187211
0.9733848881590461
0.6975706503945296
0.0151479527977543
0.9889885018590121
0.1072573454295782
0.2524234665389145
0.6647179027845880
0.8392534666210949
0.5242512512597131
0.5784222441462390
0.7451150809579872
0.4216601447460491
0.3555633613658671
0.4051813930019392
0.3420428190272702
0.2819347922504107
0.6079467937103260
0.7667911190082179
0.5540849765801212
0.0437216668748022
0.9911490261465588
0.8890376395399701
0.7615705174443121
0.2372507593160549
0.8637641008054402
0.6455578933145478
0.7640385165543293
0.9137076748249200
0.0244589292012218
0.0759927227498451
0.7117696571956458
0.0000935087139524
0.7455928660181144
0.3575583765282460
0.8456639190496276
0.7633257110684255
0.0070456651696098
0.5342720826662344
0.6850051680652669
0.8328896127544638
0.2854163298264858
0.3806358244484898
0.5912202305623424
0.5566690443864744
0.5784390895620177
0.7422028190837082
0.8132732082459562
0.6688176383292799
0.2243844459409488
0.4394421724563244
0.2249146267282214
0.2034385545520934
0.2391262926479953
0.0763445494583550
0.2498638754408944
0.6839007649310531
0.9942452394938073
0.5771382943207553
0.9673362993385766
0.3209068044125880
0.6604526938472617
0.4829779314826652
0.7784316885487925
0.0474039086970812
0.9050591717168572
0.9754954307044041
0.4809802984883307
0.1928969198958441
0.5599326560068505
0.9938759615034698
0.6142867331985219
0.7293467661904032
0.5605986283829836
0.8750086949084448
0.3521455635672019
0.3710656003819111
0.1376411569174820
0.3105292701071107
0.9477114395768780
0.3705211694723074
0.2844698301206705
0.7128076308999596
0.8543697355400752
0.7391233290192591
0.2290485598971195
0.3821245955248003
0.2008557260935788
0.5168409279873458
0.0020134627551158
0.7899275427247403
0.5814055797378259
0.2306693831129039
0.6769835600891270
0.0108289837196338
0.5529061741419810
0.2566958867570861
0.9863214774183859
0.3772935513169720
0.4731743817167882
0.8291286727235700
0.7379921508272069
0.3822090173716362
0.1787654121901312
0.1680879082234696
0.3268173198407567
0.8353919111919765
0.9854309522825453
0.4676218484171812
0.0095325888141531
0.3038949291632207
0.1073265071516829
0.1879622093961757
0.1514350208308883
0.7598651445623830
0.4614302811627482
0.3424306521347376
0.1686117299806682
0.0156662995383670
0.6243399936020069
0.1060197454185072
0.4129924684488060
0.4325922388824068
0.7959706256552863
0.8192996261773580
0.9305418105242325
0.1988270514107597
0.5319920522054247
0.1126729215574969
0.3266156925710675
0.8971051311421547
0.8582220734053916
0.2892386171244983
0.0503266752718048
0.9220018953126328
0.1207999774041362
0.3619180533292763
0.6337464800952688
0.6106278182473801
0.3267640846909288
0.8516822002291207
0.0541826162190731
0.5395155948117463
0.7083588655850477
0.4804441409522084
0.3044309250050077
0.9311064840114796
0.1381632293320525
0.9319471560099828
0.0479165464130995
0.8294397615598541
0.7004792169618597
0.5990582507646351
0.2396438909305658
0.8601245332685323
0.0678094091778316
0.1054315230528573
0.9693607392555066
0.1118456436908328
0.0635539584251887
0.5865994927917768
0.3412987096888145
0.4997203654370423
0.3706606135172450
0.2468423412149292
0.9005440827332905
0.4756161946002990
0.3144063861504662
0.7068906449958376
0.6879299736568640
0.4068228704469377
0.9377396017001445
0.4282978644514692
0.7936380477680416
0.1127780904614397
0.2333192281822392
0.5347685081602549
0.5921320753197392
0.4025568779018371
0.9918880549697207
0.8145025877839347
0.5177673800904223
0.8229210770727207
0.4894979534402246
0.4374997939158618
0.6679044234037548
0.3610194419124326
0.8823466386313186
0.5170285864022155
0.9657113154688943
0.4890334703061043
0.5324345415864116
0.0295315552938504
0.2295916348738842
0.1453048676554829
0.8921208241070246
0.4153702540280673
0.8584978125124394
0.2571146682285939
0.8233113717763558
0.4420812339823286
0.6261626500917856
0.8145117202786949
0.5166461505573139
0.0397067124109043
0.6235027220818097
0.2402148062739329
0.6221729795822739
0.4537122683907242
0.0292051922415197
0.3408769024977119
0.6233856613882693
0.2589912573879474
0.0960973111211274
0.2393943406418373
0.9643125896095057
0.6339773853101685
0.5741995038874066
0.4778375302153108
0.8484499215109622
0.4344216072043068
0.3739771258015168
0.3560644396524140
0.2643554250897182
0.0460774136686553
0.7432391151987190
0.6737462083391854
0.4901784471707558
0.2985776274639136
0.8725321453258772
0.6355782803858379
0.3220016731895328
0.3198537210444243
0.9891509436530725
0.0908336504474958
0.8725462387950813
0.6339630556105327
0.5764598150461921
0.0849646739493011
0.5519709474142189
0.4259865586107736
0.3347485767428537
0.4375546121600280
0.6553753180459125
0.2547202801116200
0.7589276642285938
0.5848810174874828
0.6346841346895786
0.4627829532346510
0.0497118319717487
0.1512306371180330
0.8949209320652187
0.1019908671056236
0.2872007886809342
0.7573695708307042
0.7903940145774300
0.5223705227164359
0.9378129265029855
0.4204788562631290
0.6361083204015330
0.2386415047234394
0.2792833383859659
0.5528462712092193
0.2675306686419674
0.8521070088934835
0.0043162746679997
0.5362594130231173
0.3137255470907263
0.9236729132870920
0.9397259958719495
0.2166939963894521
0.9269075533102864
0.5901445131194167
0.7387834584124846
0.2750420712140986
0.0831206783680329
0.7461770915121235
0.2792318864513028
0.5712708127509671
0.9891903737690058
0.0868474711576839
0.3601904074337199
0.1122477817219902
0.7046514497223484
0.0051995981589812
0.9173933499788518
0.6218945614847602
0.4984715910112811
0.6208680148446177
0.6636756119834217
0.9961785047923399
0.3828815776769146
0.0029534278655063
0.4788794909063654
0.6306297970600809
0.1036281068577551
0.6946684236626766
0.4320635515298292
0.9182591534892168
0.5275625925601002
0.9487761789617224
0.2582357544445379
0.3882334383675925
0.6148474997522015
0.6381009807337037
0.9258731149757153
0.7018078588960339
0.4095617696756264
0.2667545365756609
0.1426382100799231
0.7443854020265519
0.5196364795161657
0.4625789729056038
0.0937984377827092
0.6607077877208383
0.4443612940180159
0.1117322179021869
0.1650182067803030
0.1699467045972938
0.2270393452876363
0.2631949261858608
0.4860357126129884
0.1473175038593268
0.5165131213447012
0.0654586399143824
0.6336787479333452
0.6213159693887960
0.5915519057881795
0.5005846601948747
0.1978543292808581
0.0224229758270553
0.7669139233721580
0.5380708981479465
0.9764946558559942
0.3786001434097224
0.1274661417439660
0.9904504598901838
0.9595429349072220
0.1298217368001113
0.1593024941338115
0.6950405353726410
0.3785110840958126
0.1509922264419856
0.0526924009031404
0.3284029218304454
0.3514004273999518
0.5828886952270977
0.9759028136373473
0.4392273718325135
0.2738068705725709
0.5332273043897544
0.8807483455772882
0.6983340187432852
0.9057753800525887
0.8963928564380517
0.9376506254843715
0.4377866859831157
0.6023505541012497
0.6915687370553911
0.8792729989704995
0.8659850483084064
0.3887635801534817
0.4783883228139274
0.7332485477379294
0.0270551708973201
0.9877131244290354
0.2362983286504066
0.2660167812991290
0.4195884599666044
0.8480905301005777
0.4767891694300239
0.0680878610583449
0.6956333428393009
0.2932563724263559
0.6708061330497941
0.9275106186098512
0.5251035930123837
0.4159715831960540
0.7138330678952656
0.7106142443689336
0.1625550044566637
0.6738845522725683
0.4696470170621012
0.5773893967933788
0.9238375632726559
0.9219020118579193
0.1316338884797315
0.7730781997089764
0.7375071592970421
0.4479483293866764
0.3077389409336320
0.8503449791100905
0.2113154059187607
0.4403446848701549
0.0197484042744946
0.4682587127316538
0.8734330822710490
0.5323761076398075
0.0405070177772942
0.6280041428913137
0.5208515575007624
0.2290196250376226
0.3947580245587119
0.9482297848537371
0.3158417012383117
0.2514136358696106
0.0655744560990001
0.4569047598326961
0.3280312798765692
0.4646309667646165
0.6511808338777598
0.8967896732833580
0.8933922362566555
0.2729560210837523
0.8444591705669779
0.9058891366672626
0.8838346135875170
0.3485322549671768
0.4024499356564348
0.0184573322056991
0.2293577918862866
0.2472084736733962
0.7523275372037403
0.4583495066544074
0.0123270926175394
0.5955787052532173
0.8221732247957974
0.5804170366307950
0.4008405145157994
0.4191650198881547
0.9490594380321085
0.2283850055226582
0.6722453431270026
0.7131911150570645
0.8005850926802438
0.2412452781578409
0.1941111357315606
0.9324419347418882
0.9948397776232341
0.5173582304204076
0.9019742252448850
0.3169334444325269
0.9063481619905929
0.8331761999805565
0.2510134596963098
0.2248716999996816
0.2225261639876237
0.2710593333504505
0.5417539814208396
0.2943289407921341
0.3057290853679859
0.5055911111086289
0.2027017180955539
0.6019749509024166
0.7539444335677743
0.2436609223286048
0.1977682753162071
0.0659260340488004
0.9221861635606956
0.1008163051545026
0.4455178941055351
0.8517866535528213
0.0419190137939758
0.2015765153155371
0.1586241060975624
0.1217988282219551
0.5384544262017528
0.9052416975915420
0.9553301776906267
0.5698262452553706
0.2423797509844050
0.7249563819149216
0.1643788813290854
0.5581263680454072
0.3169876209191216
0.8892556595679082
0.7370503745477652
0.5099038317531708
0.3533136234277521
0.0399164851694565
0.0965878272529608
0.7302557577939979
0.4360453056568403
0.0009128974613475
0.8886993263045042
0.7996316306517190
0.3604119044597134
0.0507722551205632
0.0405232640910640
0.5879047785230114
0.1190285484811824
0.8391911439566115
0.5316774914965627
0.1718192456944792
0.1312251873359003
0.0840444251725216
0.6409748840406451
0.4765005293012052
0.1286445077993079
0.0702432193204459
0.5791497555727005
0.6194189648763526
0.8973393771055385
0.8321141649537633
0.3785630081883440
0.1372751825906562
0.5767735709498822
0.0305514189670077
0.8344147077949060
0.1024748659330470
0.8137720881959467
0.6074942115365047
0.8412632147799997
0.2850689641376576
0.5024148555409198
0.8329095115386878
0.2830272321334135
0.2212159348547829
0.8615973706239970
0.8967204880922832
0.9011072960984201
0.4130942894089085
0.4079408424886140
0.6633108991063068
0.0511470946386297
0.3049589006532756
0.7578263411059396
0.7301021030861534
0.4570887378904800
0.2877732122367007
0.5582566565174147
0.2936464432529462
0.5378809285340083
0.0118065743269327
0.9098756308696352
0.4447358185378505
0.0274839312532009
0.4153763155363208
0.8570385207197830
0.4272413063367839
0.0406305147154029
0.3235900704316919
0.8277778966694740
0.9010401317209080
0.4205481055070130
0.6196405382284524
0.8615746129587976
0.8993618570812867
0.6069814838484557
0.9256992756183706
0.7205853432373006
0.7691420540137273
0.2479600900636321
0.4487472930094043
0.1295371488863850
0.3787574992622069
0.0859122322346764
0.4429059260628208
0.4397888005173911
0.1460666130253969
0.3692507727216423
0.6279264894049987
0.5332174453001457
0.8825973095506896
0.4886230473691224
0.6163951051733108
0.3867116558441523
0.0075938997042613
0.0410024494233880
0.4123472028458650
0.5889559172209289
0.9403941559424069
0.1456176773636368
0.6770740124666759
0.9974687870017505
0.2534421934014497
0.2619515873917067
0.9595573242827413
0.1283221407836237
0.3211451838945436
0.5861971826892329
0.4099056774156224
0.1828200834361269
0.9252760372546618
0.7663167334013430
0.6159704624928679
0.4556267096870243
0.6081423826749983
0.7346242401054539
0.8396148447742284
0.4812010422275996
0.1470128991191473
0.7234946943283092
0.3662066277765206
0.4557548116538470
0.5800307818433623
0.4674104706220277
0.0547455283993088
0.5059586692939320
0.1300294268054074
0.9994494100527618
0.0550741577543191
0.9074679114811488
0.7097072717707018
0.2902687243720834
0.6948149297698194
0.4109756979295938
0.9221195359174033
0.1080415328746351
0.5239562129538342
0.6347161217884292
0.4577432348803967
0.1446874607407409
0.3179306039912433
0.5922146459446225
0.3886132204348982
0.5170721940960874
0.9572773804559489
0.3662085789140130
0.4552220161917546
0.6970031364755584
0.0965368266804774
0.7830719805084243
0.4530658087024477
0.1717890976378129
0.1487731062550210
0.5332910451602686
0.8687952890514481
0.0647752179680818
0.6832187536431888
0.0940187172585922
0.4261396761586127
0.2988108146509489
0.7944632767507471
0.0088515910321760
0.7158058473354458
0.4346311732130275
0.3257485216234954
0.1629601365085307
0.4249669382723198
0.5743905384122172
0.4445733507366825
0.0640219112018485
0.8529891686259248
0.9008429547719459
0.4424337596015828
0.5464521555321795
0.4308522257152134
0.1990111439416751
0.4394456118659775
0.2241319535099819
0.5520322395970823
0.4148829343373350
0.9758884479291936
0.4406994255748224
0.9392210573160753
0.2704409678299458
0.7701438042702478
0.1178022779130288
0.8747670829125127
0.3797619016752272
0.8210797180443166
0.7135075529334571
0.7562256370108358
0.9415485678878710
0.0229346567127413
0.5106118878406392
0.2145492345034938
0.9216035467566712
0.1640140570624808
0.7803141035541330
0.8058743494847640
0.5827442567730756
0.0006856502092774
0.5142959293699505
0.4956441126716413
0.1897124569050703
0.2245737855145649
0.3550959809509777
0.5367157173805737
0.2286715002568585
0.5468801998242157
0.3525513665466917
0.2558946646208824
0.2989385502748974
0.7517244188320689
0.5385486515812588
0.8877439983388413
0.9071867712525794
0.7406928067591245
0.0169305419358992
0.8636072959623675
0.6637132065027593
0.9905140726645314
0.9531205307375258
0.8013908259622324
0.1406528359676003
0.1460580953420560
0.3750823118549818
0.0609778817997864
0.7244074007849690
0.2401336590818488
0.6559597817513350
0.1655800223370818
0.8300682369434185
0.6247368385970589
0.0424776160355123
0.8778023314553707
0.0333845710374714
0.9661430714824064
0.4443348611752098
0.1176808973601737
0.9778577291671127
0.2391090728552188
0.0835459377395864
0.2358645833873538
0.4497437848420134
0.9077225386471923
0.6816521255246819
0.3235831149502459
0.8299273928486315
0.6417060513584936
0.3624944071450500
0.4746233371808444
0.5233763874086179
0.7454403758131321
0.3780126764373044
0.2827548376428979
0.3175054873567404
0.7260177785384627
0.0180776112185583
0.3081055614450747
0.7312822763217639
0.2955742850471239
0.8835086090240765
0.3854243043401695
0.3410462353573678
0.5737223331519203
0.5609739856033684
0.8080746008127306
0.3100896984456973
0.0893673531702177
0.4999840562966824
0.3179068474994722
0.5996871506630868
0.1347175311878317
0.4575054162034462
0.1966555640580623
0.6301486286121474
0.1799568988955897
0.5037907344851078
0.5594306488985410
0.0835710836797716
0.2057707722825342
0.0992485675106707
0.0127792660852890
0.9931258497927615
0.6897886015991913
0.1370102827011053
0.7699299758141649
0.1455708770830171
0.7092183260449758
0.3591864668994447
0.3913618933535759
0.8122588612837092
0.7936194940316490
0.1151159261188326
0.1815605156087656
0.6166261517062992
0.3492351671942586
0.2009752200050201
0.4573662080217673
0.2270878518385757
0.2418323866018568
0.9510410143356580
0.0198089779271697
0.1620013385128800
0.0150681358701377
0.5172972061481573
0.9137702822053484
0.0176071496531236
0.9450229136103303
0.6546104575654326
0.3714941537878502
0.0222151723786226
0.6979783064497269
0.9567256287663355
0.4238627939009758
0.8345475409879128
0.0865568074647740
0.6954346902698489
0.3218175306262623
0.3770569132450703
0.5359139413195777
0.3781688041622289
0.2414611188336977
0.1046817469407415
0.6830513068712776
0.1185302362604190
0.2587192638525551
0.2011728501563255
0.3590789442604603
0.4213014221452909
0.4406734390969689
0.9451178755419960
0.6445623244008996
0.9183759337342536
0.5148458317831164
0.3887778895219896
0.4747076526329579
0.5056132566902676
0.1983216773545422
0.7864933472583573
0.0171015186639316
0.8588008660730111
0.2218204509212995
0.5887003982346073
0.9837886483724674
0.6344193239543479
0.5045148919935087
0.4157921302012113
0.7569830622353919
0.8414400649180891
0.2640491989925735
0.1619833378300939
0.0261801940130226
0.2752107793593837
0.0218004506234024
0.5824638602456389
0.0488137963753914
0.9742293468235630
0.6108534040048217
0.2898276576879226
0.8468816492998030
0.6194323373171642
0.8951805319255897
0.0729869399637462
0.7474758445300722
0.1053289249373570
0.0667206799682560
0.7240329612833420
0.2918360998276057
0.1562936263027837
0.6018820999204877
0.7693700162064374
0.2183259781459022
0.1766020463808502
0.3856403218880473
0.2850152500984535
0.5212591027667486
0.1508042680124078
0.1772521339240996
0.0182074578337961
0.5923997744934582
0.3573577254571632
0.9017966808643934
0.3366193569243752
0.8802491676366628
0.7550266546214814
0.1002226221876157
0.0361345478173689
0.0505868027747738
0.4064551434584018
0.0281704278895347
0.9482507662367539
0.3136290359931495
0.9544405528136082
0.6629918726426860
0.0992547328897260
0.0065674005447249
0.5637180070833665
0.3201139960317292
0.9078109026759194
0.6719179034183220
0.7619113454307254
0.1925074643146907
0.7620350345323743
0.1762747275797452
0.5711548805853113
0.0094861648615989
0.7920872213408074
0.3083765275784351
0.6433750505858029
0.1027442383532176
0.5512501599262691
0.5566562105442472
0.5807445869305425
0.3444228200640964
0.5885248274969257
0.0136165411402658
0.6469964971859099
0.5414398428024896
0.3523312336656801
0.3183541119392999
0.4590956191964892
0.8496769927814682
0.2899010211689443
0.8215720573858647
0.6535630943872093
